Esophagus	9.004999999999999	20.085	31.235
Nerve	15.775	34.095	63.765
Skin	10.45	31.975	303.9
Muscle	13.690000000000001	9.33	33.85
Spleen	5.92	5.495	8.41
Pituitary	8.875	32.545	30.43
Adipose Tissue	12.89	21.66	28.575
Thyroid	6.175	22.115000000000002	23.145
Small Intestine	12.004999999999999	13.96	12.165
Heart	7.705	12.645	9.004999999999999
Blood Vessel	16.314999999999998	41.78	56.43
Colon	21.4	27.64	19.75
Lung	10.83	21.259999999999998	37.129999999999995
Breast	16.45	25.16	70.975
Prostate	8.715	16.985	22.729999999999997
Kidney	5.62	17.375	14.754999999999999
Testis	3.2199999999999998	16.935	16.66
Uterus	18.740000000000002	40.885	51.245
Ovary	9.435	45.980000000000004	48.65
Adrenal Gland	11.555	23.405	43.775
Brain	22.255000000000003	110.35	56.355000000000004
Stomach	13.219999999999999	16.04	13.23
Vagina	8.379999999999999	26.735	59.995
Salivary Gland	8.02	13.085	24.52
Pancreas	4.32	6.845000000000001	5.99
Liver	1.0950000000000002	2.435	16.48
Bladder	13.68	27.93	55.004999999999995
Cervix Uteri	13.6	43.52	68.87
Fallopian Tube	19.43	38.99	28.87
Esophagus	32.55	122.6	26.82	17.82	17.19	80.61	17.59	17.78	33.36	30.67	29.14	21.66	22.58	89.43	4.76	20.76	31.09	59.25	28.56	37.56	5.91	31.8	10.73	23.97	9.46	12.0	26.75	47.77	28.18	49.86	14.2	132.1	3.96	5.54	28.24	22.68	12.17	52.03	7.42	26.16
Nerve	43.59	126.7	53.6	58.62	13.88	16.42	35.35	22.67	29.35	77.19	29.85	42.56	29.88	28.86	34.56	79.26	49.75	144.5	32.11	60.24	36.78	94.09	33.63	43.33	53.38	123.9	31.18	75.74	35.83	49.31	27.04	152.0	58.52	42.91	22.49	67.29	36.58	124.8	30.6	46.77
Skin	23.71	191.8	7.79	38.67	47.41	1692.0	62.77	651.3	28.7	491.5	30.17	186.6	46.75	459.9	22.83	235.7	38.46	303.9	22.78	143.9	42.48	328.1	26.04	93.37	33.78	303.9	24.69	119.4	44.41	428.2	20.45	229.6	35.09	527.7	44.87	277.6	26.16	390.6	53.58	389.4
Muscle	7.19	28.05	9.88	32.32	7.51	5.36	12.83	51.42	8.59	39.62	7.64	52.71	10.27	25.56	13.8	47.8	14.21	58.33	8.49	32.36	7.62	76.19	11.19	35.34	9.32	19.28	18.35	44.21	26.19	86.21	6.61	16.51	8.05	15.86	12.62	24.94	9.12	66.6	9.34	28.79
Spleen	5.64	5.75	5.72	20.49	5.3	11.08	2.26	5.92	5.65	7.02	5.17	6.37	3.97	4.56	5.24	7.28	3.56	4.05	5.04	12.3	3.36	9.91	5.65	9.2	7.7	4.38	7.12	7.62	8.12	18.79	5.61	6.84	8.83	15.33	4.49	15.21	5.38	16.4	5.77	10.37
Pituitary	30.41	25.21	29.27	34.31	44.74	41.33	28.65	66.71	35.8	15.61	37.64	30.82	18.17	31.84	30.32	24.85	35.43	22.9	30.87	33.09	36.76	38.36	29.11	30.04	31.86	48.23	51.22	148.6	56.4	39.4	43.23	16.3	38.34	11.95	25.72	7.61	33.23	15.12	31.14	29.74
Adipose Tissue	27.74	28.57	11.12	19.68	27.84	11.84	14.41	86.61	15.29	17.8	14.6	25.18	17.66	97.26	31.55	41.17	30.44	26.82	29.21	4.3	25.11	28.58	18.08	49.35	21.91	17.53	21.41	132.3	12.4	11.04	22.44	33.85	17.82	73.23	24.14	18.74	25.07	57.14	17.35	39.76
Thyroid	23.22	53.88	20.39	30.18	16.31	15.14	28.2	21.0	29.52	13.24	32.61	104.2	18.99	41.32	20.79	22.66	20.39	10.9	17.07	20.54	24.83	26.81	17.99	11.27	23.26	9.84	21.01	23.63	41.52	30.3	24.65	57.65	30.23	7.0	33.24	37.16	19.61	25.47	20.85	6.28
Small Intestine	14.48	11.57	17.75	10.31	14.25	35.9	8.63	14.28	6.77	11.09	11.7	6.39	12.22	10.75	14.99	13.11	13.78	25.36	15.33	10.99	14.92	3.39	18.4	21.87	9.07	17.51	12.25	4.83	31.14	22.58	14.14	3.99	17.8	15.09	13.2	14.26	10.32	12.08	8.83	12.25
Heart	15.46	24.37	18.8	7.8	2.85	3.18	29.16	31.63	16.51	28.91	4.91	6.44	12.02	12.79	10.34	9.02	14.11	2.88	18.06	7.45	10.3	11.24	7.86	8.99	13.21	53.82	2.46	1.46	15.77	5.55	12.08	11.94	22.23	3.88	19.61	22.59	2.62	6.6	9.31	55.17
Blood Vessel	52.77	117.7	36.86	44.16	49.38	79.27	61.29	75.03	64.1	45.78	33.25	52.55	38.56	129.6	37.32	14.91	67.13	132.5	40.53	12.36	59.27	32.18	36.15	24.01	31.32	19.85	54.12	93.96	57.63	66.6	27.31	60.31	51.43	28.26	37.29	28.97	43.03	70.42	31.71	79.93
Colon	28.08	46.74	49.96	25.36	34.02	33.54	50.23	92.56	9.72	7.25	12.89	8.7	36.28	33.18	19.92	16.57	33.7	27.87	39.86	17.8	9.08	6.73	11.97	12.13	16.46	18.96	24.56	12.92	55.3	74.76	46.08	20.54	40.38	35.06	14.86	9.72	27.2	39.37	23.56	16.22
Lung	10.66	15.6	15.94	36.96	23.63	27.73	21.47	11.09	16.1	45.08	10.11	27.2	17.23	39.51	42.02	4.03	24.37	30.13	24.59	70.76	8.47	22.09	17.76	37.3	30.32	54.21	30.22	131.5	14.88	87.25	23.14	18.96	25.14	69.45	14.05	42.54	21.05	20.89	22.94	96.66
Breast	25.49	85.69	28.1	133.9	12.15	40.2	32.48	74.02	25.22	44.78	10.69	28.26	31.14	81.41	24.34	24.89	23.46	77.44	22.36	35.96	25.16	109.1	16.27	14.97	14.11	70.22	23.16	151.9	27.71	152.5	19.05	8.98	33.43	97.19	26.1	71.73	29.78	32.64	25.16	28.71
Prostate	31.97	60.78	27.66	55.12	36.18	51.66	13.84	23.88	16.27	11.77	13.38	25.27	15.91	13.94	17.91	12.95	15.65	10.51	14.33	20.94	19.49	23.4	43.32	77.37	42.79	82.87	20.33	21.35	19.85	37.41	16.57	35.28	14.2	22.06	12.56	14.94	17.4	12.57	14.87	21.04
Kidney	24.2	14.67	14.52	8.88	20.71	23.6	20.23	18.85	9.3	16.36	23.43	13.94	21.02	9.45	5.56	9.61	9.27	5.69	21.4	27.96	9.19	21.54	31.08	27.98	6.83	10.45	13.99	9.85	5.09	6.68	23.33	17.11	7.91	9.85	25.47	66.8	10.09	14.84	21.14	41.51
Testis	18.46	12.89	29.45	26.18	18.18	11.68	16.0	24.9	19.46	16.52	11.14	12.62	13.0	8.08	13.03	14.12	11.21	13.86	12.99	18.12	15.75	40.63	16.74	16.8	20.75	14.97	20.0	34.49	9.24	14.57	38.88	52.05	21.75	59.44	14.49	22.2	17.71	22.52	17.13	9.66
Uterus	50.41	52.62	20.91	69.01	37.1	17.32	32.45	32.32	38.91	49.87	36.45	21.64	42.86	49.28	19.95	86.39	64.11	176.1	24.94	15.04	55.85	56.74	56.29	61.79	45.75	71.61	49.09	32.26	36.29	17.57	42.88	65.17	52.38	35.05	36.54	65.31	51.89	69.94	22.65	22.66
Ovary	44.92	17.91	41.23	25.52	46.37	12.29	45.59	26.41	51.5	70.15	47.49	55.39	34.93	46.04	61.38	85.82	59.31	213.6	40.13	153.1	54.49	86.2	48.25	26.53	43.64	33.33	28.92	30.68	40.85	64.53	20.18	6.47	59.06	51.26	25.62	13.34	70.34	95.35	68.42	173.6
Adrenal Gland	21.63	67.69	16.14	13.31	18.84	22.8	15.74	13.73	27.54	24.48	34.37	35.78	30.28	94.91	30.0	74.29	22.41	9.06	22.66	40.63	22.23	60.41	19.12	46.36	22.6	67.39	33.07	85.29	35.72	45.39	24.15	23.73	27.12	37.76	19.56	69.66	25.62	42.16	32.83	47.18
Brain	110.6	75.49	131.9	57.96	95.27	54.75	81.71	23.84	92.72	31.28	78.44	35.46	100.4	20.36	96.11	54.71	148.7	67.37	91.92	20.23	130.9	61.2	115.2	82.42	62.86	29.05	134.5	118.8	129.9	88.33	110.1	71.84	99.46	51.46	170.4	100.2	118.0	54.56	121.6	124.3
Stomach	16.99	7.63	33.52	38.09	13.52	13.2	14.88	3.81	18.23	9.55	32.01	36.24	14.75	12.45	12.49	13.16	12.49	12.79	29.16	16.26	23.59	13.57	15.64	16.39	35.06	46.7	16.44	22.61	11.31	10.42	12.38	11.97	18.8	14.06	14.77	13.26	10.44	7.1	19.97	21.41
Vagina	16.38	21.44	14.85	22.2	51.16	65.67	50.46	59.48	44.55	120.1	17.2	15.14	35.65	170.1	14.48	42.91	67.78	219.1	48.62	124.5	23.06	64.66	39.31	103.4	12.14	48.39	23.57	28.67	32.24	81.08	12.45	36.79	34.04	95.9	19.57	26.46	20.8	9.69	29.9	60.51
Salivary Gland	9.96	22.77	10.11	6.34	12.15	25.34	13.43	22.54	7.04	19.5	10.95	9.12	11.91	19.08	21.67	109.0	12.69	42.95	12.74	30.88	16.97	58.54	18.05	141.6	10.95	24.82	15.07	32.4	17.49	24.22	18.66	19.33	16.37	57.25	22.2	75.31	20.57	20.86	11.09	13.86
Pancreas	6.41	20.49	13.14	5.35	4.2	10.64	9.09	7.09	10.35	5.93	6.82	4.56	8.07	2.06	4.38	6.05	6.22	5.92	6.05	9.38	2.14	12.31	5.79	5.45	3.68	9.86	6.87	6.98	9.39	3.94	5.51	7.83	8.71	3.69	10.21	13.57	9.76	4.64	10.82	4.99
Liver	2.06	19.81	1.58	6.3	3.11	12.56	2.38	21.39	1.22	10.62	1.1	15.42	3.63	53.63	2.54	3.88	2.19	8.27	2.43	29.65	2.33	50.18	6.2	19.11	2.74	16.43	1.17	14.85	1.39	16.53	2.67	16.86	2.75	18.39	2.44	8.83	2.91	13.81	3.11	82.19
Bladder	30.03	65.2	17.48	33.27	39.0	56.54	41.95	39.44	25.07	14.23	22.88	53.47	25.83	73.58	30.14	58.41
Cervix Uteri	19.13	104.6	46.89	65.27	42.86	60.35	43.18	111.6	43.03	73.89	57.56	23.88	26.54	79.83	74.78	68.87	66.74	96.58	65.08	66.1	43.52	30.98
Fallopian Tube	43.79	29.48	30.44	31.61	41.43	12.81	22.67	11.31	38.99	21.96	46.59	28.87	34.98	35.97
